65008912
65008916
65008920
65008924
65008928
65008932
65008936
65008940
65008944
65008948
65008952
65008956
65008960
65008964
65008968
65008972
65008976
65008980
65008984
65008988
65008992
65008996
65009000
65009004
65009008
65009012
65009016
65009020
65009024
65009028
65009032
65009036
65009040
65009044
65009048
65009052
65009056
65009060
65009064
65009068
65009072
65009076
65009080
65009084
65009088
65009092
65009096
65009100
65009104
65009108
65009112
65009116
65009120
65009124
65009128
65009132
65009136
65009140
65009144
65009148
65009152
65009156
65009160
65009164
65009168
65009172
65009176
65009180
65009184
65009188
65009192
65009196
65009200
65009204
65009208
65009212
65009216
65009220
65009224
65009228
65009232
65009236
65009240
65009244
65009248
65009252
65009256
65009260
65009264
65009268
65009272
65009276
65009280
65009284
65009288
65009292
65009296
65009300
65009304
65009308
